360    
1 2 0.06
2 2 0.06
3 2 0.06
17 0 0.06
18 0 0.06
19 0 0.06
20 2 0.06
21 2 0.06
22 2 0.06
23 2 0.06
24 2 0.06
25 2 0.06
52 0 0.06
53 0 0.06
54 0 0.06
55 0 0.06
56 0 0.06
57 0 0.06
58 2 0.06
59 2 0.06
60 2 0.06
61 2 0.06
62 2 0.06
63 2 0.06
90 0 0.06
91 0 0.06
92 0 0.06
93 0 0.06
94 0 0.06
95 0 0.06
96 2 0.06
97 2 0.06
98 2 0.06
99 2 0.06
100 2 0.06
101 2 0.06
127 0 0.06
128 0 0.06
129 0 0.06
130 0 0.06
131 0 0.06
132 0 0.06
133 2 0.06
134 2 0.06
135 2 0.06
136 2 0.06
137 2 0.06
138 2 0.06
163 0 0.06
164 0 0.06
165 0 0.06
166 0 0.06
167 0 0.06
168 0 0.06
169 2 0.06
170 2 0.06
171 2 0.06
172 2 0.06
173 2 0.06
174 2 0.06
199 0 0.06
200 0 0.06
201 0 0.06
202 0 0.06
203 0 0.06
204 0 0.06
205 2 0.06
206 2 0.06
207 2 0.06
208 2 0.06
209 2 0.06
210 2 0.06
235 0 0.06
236 0 0.06
237 0 0.06
238 0 0.06
239 0 0.06
240 0 0.06
241 2 0.06
242 2 0.06
243 2 0.06
244 2 0.06
245 2 0.06
246 2 0.06
271 0 0.06
272 0 0.06
273 0 0.06
274 0 0.06
275 0 0.06
276 0 0.06
277 2 0.06
278 2 0.06
279 2 0.06
293 0 0.06
294 0 0.06
295 0 0.06
296 2 0.06
297 2 0.06
298 2 0.06
299 2 0.06
300 2 0.06
301 2 0.06
328 0 0.06
329 0 0.06
330 0 0.06
331 0 0.06
332 0 0.06
333 0 0.06
334 2 0.06
335 2 0.06
336 2 0.06
337 2 0.06
338 2 0.06
339 2 0.06
366 0 0.06
367 0 0.06
368 0 0.06
369 0 0.06
370 0 0.06
371 0 0.06
372 2 0.06
373 2 0.06
374 2 0.06
375 2 0.06
376 2 0.06
377 2 0.06
403 0 0.06
404 0 0.06
405 0 0.06
406 0 0.06
407 0 0.06
408 0 0.06
409 2 0.06
410 2 0.06
411 2 0.06
412 2 0.06
413 2 0.06
414 2 0.06
439 0 0.06
440 0 0.06
441 0 0.06
442 0 0.06
443 0 0.06
444 0 0.06
445 2 0.06
446 2 0.06
447 2 0.06
448 2 0.06
449 2 0.06
450 2 0.06
475 0 0.06
476 0 0.06
477 0 0.06
478 0 0.06
479 0 0.06
480 0 0.06
481 2 0.06
482 2 0.06
483 2 0.06
484 2 0.06
485 2 0.06
486 2 0.06
511 0 0.06
512 0 0.06
513 0 0.06
514 0 0.06
515 0 0.06
516 0 0.06
517 2 0.06
518 2 0.06
519 2 0.06
520 2 0.06
521 2 0.06
522 2 0.06
547 0 0.06
548 0 0.06
549 0 0.06
550 0 0.06
551 0 0.06
552 0 0.06
553 2 0.06
554 2 0.06
555 2 0.06
569 0 0.06
570 0 0.06
571 0 0.06
572 2 0.06
573 2 0.06
574 2 0.06
575 2 0.06
576 2 0.06
577 2 0.06
604 0 0.06
605 0 0.06
606 0 0.06
607 0 0.06
608 0 0.06
609 0 0.06
610 2 0.06
611 2 0.06
612 2 0.06
613 2 0.06
614 2 0.06
615 2 0.06
642 0 0.06
643 0 0.06
644 0 0.06
645 0 0.06
646 0 0.06
647 0 0.06
648 2 0.06
649 2 0.06
650 2 0.06
651 2 0.06
652 2 0.06
653 2 0.06
679 0 0.06
680 0 0.06
681 0 0.06
682 0 0.06
683 0 0.06
684 0 0.06
685 2 0.06
686 2 0.06
687 2 0.06
688 2 0.06
689 2 0.06
690 2 0.06
715 0 0.06
716 0 0.06
717 0 0.06
718 0 0.06
719 0 0.06
720 0 0.06
721 2 0.06
722 2 0.06
723 2 0.06
724 2 0.06
725 2 0.06
726 2 0.06
751 0 0.06
752 0 0.06
753 0 0.06
754 0 0.06
755 0 0.06
756 0 0.06
757 2 0.06
758 2 0.06
759 2 0.06
760 2 0.06
761 2 0.06
762 2 0.06
787 0 0.06
788 0 0.06
789 0 0.06
790 0 0.06
791 0 0.06
792 0 0.06
793 2 0.06
794 2 0.06
795 2 0.06
796 2 0.06
797 2 0.06
798 2 0.06
823 0 0.06
824 0 0.06
825 0 0.06
826 0 0.06
827 0 0.06
828 0 0.06
829 2 0.06
830 2 0.06
831 2 0.06
845 0 0.06
846 0 0.06
847 0 0.06
848 2 0.06
849 2 0.06
850 2 0.06
851 2 0.06
852 2 0.06
853 2 0.06
880 0 0.06
881 0 0.06
882 0 0.06
883 0 0.06
884 0 0.06
885 0 0.06
886 2 0.06
887 2 0.06
888 2 0.06
889 2 0.06
890 2 0.06
891 2 0.06
918 0 0.06
919 0 0.06
920 0 0.06
921 0 0.06
922 0 0.06
923 0 0.06
924 2 0.06
925 2 0.06
926 2 0.06
927 2 0.06
928 2 0.06
929 2 0.06
955 0 0.06
956 0 0.06
957 0 0.06
958 0 0.06
959 0 0.06
960 0 0.06
961 2 0.06
962 2 0.06
963 2 0.06
964 2 0.06
965 2 0.06
966 2 0.06
991 0 0.06
992 0 0.06
993 0 0.06
994 0 0.06
995 0 0.06
996 0 0.06
997 2 0.06
998 2 0.06
999 2 0.06
1000 2 0.06
1001 2 0.06
1002 2 0.06
1027 0 0.06
1028 0 0.06
1029 0 0.06
1030 0 0.06
1031 0 0.06
1032 0 0.06
1033 2 0.06
1034 2 0.06
1035 2 0.06
1036 2 0.06
1037 2 0.06
1038 2 0.06
1063 0 0.06
1064 0 0.06
1065 0 0.06
1066 0 0.06
1067 0 0.06
1068 0 0.06
1069 2 0.06
1070 2 0.06
1071 2 0.06
1072 2 0.06
1073 2 0.06
1074 2 0.06
1099 0 0.06
1100 0 0.06
1101 0 0.06
1102 0 0.06
1103 0 0.06
1104 0 0.06
