84    
1 2 0.06
2 2 0.06
10 0 0.06
11 0 0.06
12 2 0.06
13 2 0.06
14 2 0.06
15 2 0.06
30 0 0.06
31 0 0.06
32 0 0.06
33 0 0.06
34 2 0.06
35 2 0.06
36 2 0.06
37 2 0.06
50 0 0.06
51 0 0.06
52 0 0.06
53 0 0.06
54 2 0.06
55 2 0.06
56 2 0.06
57 2 0.06
70 0 0.06
71 0 0.06
72 0 0.06
73 0 0.06
74 2 0.06
75 2 0.06
83 0 0.06
84 0 0.06
85 2 0.06
86 2 0.06
87 2 0.06
88 2 0.06
103 0 0.06
104 0 0.06
105 0 0.06
106 0 0.06
107 2 0.06
108 2 0.06
109 2 0.06
110 2 0.06
123 0 0.06
124 0 0.06
125 0 0.06
126 0 0.06
127 2 0.06
128 2 0.06
129 2 0.06
130 2 0.06
143 0 0.06
144 0 0.06
145 0 0.06
146 0 0.06
147 2 0.06
148 2 0.06
156 0 0.06
157 0 0.06
158 2 0.06
159 2 0.06
160 2 0.06
161 2 0.06
176 0 0.06
177 0 0.06
178 0 0.06
179 0 0.06
180 2 0.06
181 2 0.06
182 2 0.06
183 2 0.06
196 0 0.06
197 0 0.06
198 0 0.06
199 0 0.06
200 2 0.06
201 2 0.06
202 2 0.06
203 2 0.06
216 0 0.06
217 0 0.06
218 0 0.06
219 0 0.06
